n
9
nfac
-1
names
Dividend Yield Value Growth Trend Growth Momentum Short Term 
tlen
10
DATA
1.40999999999999945e-02 2.22000000000000010e-02 6.19999999999999891e-03 1.89999999999999961e-02 1.00999999999999961e-02 -7.00000000000000015e-03 5.40000000000000029e-03 3.39999999999999938e-03 -1.19000000000000009e-02 1.46999999999999961e-02 6.59999999999999996e-03 2.79999999999999997e-03 7.49999999999999972e-03 3.89999999999999939e-03 -2.29999999999999996e-03 -1.29999999999999951e-03 6.40000000000000031e-03 1.19999999999999968e-03 4.49999999999999966e-03 3.20000000000000015e-03 -3.00000000000000006e-03 -2.79999999999999997e-03 5.00000000000000010e-04 -2.00000000000000004e-03 -5.99999999999999947e-04 3.59999999999999947e-03 -2.59999999999999945e-03 2.00000000000000010e-04 -1.39999999999999977e-03 5.99999999999999947e-04 5.90000000000000160e-03 -1.60000000000000008e-03 -2.10000000000000074e-03 -1.00000000000000005e-04 2.10000000000000074e-03 -8.00000000000000038e-04 1.50000000000000003e-03 -2.50000000000000005e-03 -8.00000000000000038e-04 -1.90000000000000000e-03 -1.19999999999999968e-03 1.50000000000000003e-03 -8.00000000000000017e-03 7.19999999999999894e-03 -2.10000000000000074e-03 1.00000000000000005e-04 -8.50000000000000061e-03 -6.09999999999999952e-03 -1.50000000000000003e-03 -6.99999999999999993e-04 -4.90000000000000158e-03 -5.99999999999999947e-04 -7.30000000000000007e-03 1.39999999999999977e-03 -4.49999999999999966e-03 -1.20000000000000002e-02 -3.00000000000000006e-03 2.39999999999999936e-03 -2.79999999999999997e-03 -7.90000000000000077e-03 -3.20000000000000015e-03 4.00000000000000019e-04 -2.00000000000000004e-03 -2.99999999999999974e-04 6.99999999999999993e-04 -1.00000000000000005e-04 -1.60000000000000008e-03 -1.79999999999999973e-03 -3.09999999999999946e-03 3.00000000000000006e-03 4.00000000000000019e-04 5.19999999999999889e-03 1.79999999999999973e-03 -2.10000000000000074e-03 0.00000000000000000e+00 1.70000000000000012e-03 5.00000000000000010e-04 1.19999999999999968e-03 2.00000000000000010e-04 -2.99999999999999974e-04 7.19999999999999894e-03 5.30000000000000002e-03 6.00000000000000012e-03 1.00000000000000005e-04 6.90000000000000162e-03 6.49999999999999970e-03 4.20000000000000148e-03 -3.50000000000000007e-03 -2.29999999999999996e-03 8.10000000000000130e-03 
R
1.00000000000000002e-03 1.00000000000000002e-03 1.00000000000000002e-03 1.00000000000000002e-03 1.00000000000000002e-03 1.00000000000000002e-03 1.00000000000000002e-03 1.00000000000000002e-03 1.00000000000000002e-03 1.00000000000000002e-03 
C
1.10000000e+01
llambda
1.00000000e+00
gpower
1.00000000e+00
lpower
1.00000000e+00
m
1
A
1.00000000000000000e+00 1.00000000000000000e+00 1.00000000000000000e+00 1.00000000000000000e+00 1.00000000000000000e+00 1.00000000000000000e+00 1.00000000000000000e+00 1.00000000000000000e+00 1.00000000000000000e+00 
L
-1.00000000000000000e+00 -1.00000000000000000e+00 -1.00000000000000000e+00 -1.00000000000000000e+00 -1.00000000000000000e+00 -1.00000000000000000e+00 -1.00000000000000000e+00 -1.00000000000000000e+00 -1.00000000000000000e+00 0.00000000000000000e+00 
U
1.00000000000000000e+00 1.00000000000000000e+00 1.00000000000000000e+00 1.00000000000000000e+00 1.00000000000000000e+00 1.00000000000000000e+00 1.00000000000000000e+00 1.00000000000000000e+00 1.00000000000000000e+00 0.00000000000000000e+00 
alpha
7.61999999999999744e-03 3.25000000000000028e-03 -7.50000000000000016e-04 -2.99999999999997534e-05 -1.93000000000000051e-03 -3.91999999999999987e-03 -8.00000000000000038e-04 8.59999999999999870e-04 3.85000000000000012e-03 
bench
0.00000000000000000e+00 0.00000000000000000e+00 0.00000000000000000e+00 0.00000000000000000e+00 0.00000000000000000e+00 0.00000000000000000e+00 0.00000000000000000e+00 0.00000000000000000e+00 0.00000000000000000e+00 
Q
1.05987600000000001e-04 4.61699999999999662e-06 9.71049999999999453e-06 -1.01350000000000004e-05 -3.13949999999999891e-06 3.79049999999999954e-06 4.30359999999999722e-06 1.24250000000000039e-06 -2.28550000000000039e-06 5.95810000000000315e-06 1.69655999999999990e-05 -3.89250000000000127e-06 -9.29500000000000482e-07 6.56100000000000482e-07 1.98900999999999944e-05 1.45333999999999920e-05 1.58399999999999703e-06 -5.25099999999999851e-06 -7.03599999999999604e-07 2.66439999999999858e-06 1.75216000000000018e-05 8.06199999999999837e-06 -2.83999999999999907e-06 1.12400000000000017e-06 -1.51000000000000058e-06 2.84899999999999890e-06 -1.82299999999999995e-06 3.30000000000000059e-06 1.48979999999999885e-06 -3.07000000000000618e-07 3.90000000000007066e-08 -1.24720000000000010e-06 -1.70920000000000008e-06 -4.65800000000001114e-07 6.00000000000013314e-09 3.21639999999999939e-06 1.46319999999999948e-05 -3.44499999999998142e-07 1.09550000000000057e-06 3.33350000000000120e-06 -4.07500000000001604e-07 -1.18800000000000048e-05 3.30400000000000089e-06 1.39799999999999957e-06 1.58365000000000033e-05 
gamma
9.90099010e-03
initial
2.97274707999999888e-01 5.96256440999999859e-01 0.00000000000000000e+00 0.00000000000000000e+00 -9.85223842000000072e-02 -8.80312735000000068e-01 0.00000000000000000e+00 0.00000000000000000e+00 9.93899884999999844e-02 
delta
1.00000000e-01
basket
-1
longbasket
-1
shortbasket
-1
trades
-1
revise
1
costs
0
kappa
5.00000000e-01
buy

sell

min_holding
5.00000000000000028e-02 5.00000000000000028e-02 5.00000000000000028e-02 5.00000000000000028e-02 5.00000000000000028e-02 5.00000000000000028e-02 5.00000000000000028e-02 5.00000000000000028e-02 5.00000000000000028e-02 
min_trade

ls
1
full
1
Rmin
-1.00000000e+00
Rmax
-1.00000000e+00
minRisk
-1.00000000e+00
maxRisk
-1.00000000e+00
LSValue
1.00000000e+00
LSValuel
1.00000000e+00
nabs
0
Abs_A

mabs
0
I_A

Abs_U

Abs_L

mask

issues

five
-1.00000000e+00
ten
-1.00000000e+00
forty
-1.00000000e+00
log
0